,Home,Price,SqFt,Bedrooms,Bathrooms,Offers
Home,1.0,0.10818997896872072,0.16855330280081626,-0.06856814034332476,0.12769352847265114,-0.053597105907821276
Price,0.10818997896872072,1.0,0.5529822425554838,0.5259260576398533,0.5232577581859735,-0.31363588286179833
SqFt,0.16855330280081626,0.5529822425554838,1.0,0.4838071115174271,0.5227453008971997,0.3369233519218924
Bedrooms,-0.06856814034332476,0.5259260576398533,0.4838071115174271,1.0,0.41455595594643574,0.11427060981307538
Bathrooms,0.12769352847265114,0.5232577581859735,0.5227453008971997,0.41455595594643574,1.0,0.14379340360973228
Offers,-0.053597105907821276,-0.31363588286179833,0.3369233519218924,0.11427060981307538,0.14379340360973228,1.0
